<!DOCTYPE html>

<html>

<head>

<meta charset="utf-8" />
<meta name="generator" content="pandoc" />
<meta http-equiv="X-UA-Compatible" content="IE=EDGE" />




<title>index.knit</title>

<script src="site_libs/header-attrs-2.17/header-attrs.js"></script>
<script src="site_libs/jquery-3.6.0/jquery-3.6.0.min.js"></script>
<meta name="viewport" content="width=device-width, initial-scale=1" />
<link href="site_libs/bootstrap-3.3.5/css/cerulean.min.css" rel="stylesheet" />
<script src="site_libs/bootstrap-3.3.5/js/bootstrap.min.js"></script>
<script src="site_libs/bootstrap-3.3.5/shim/html5shiv.min.js"></script>
<script src="site_libs/bootstrap-3.3.5/shim/respond.min.js"></script>
<style>h1 {font-size: 34px;}
       h1.title {font-size: 38px;}
       h2 {font-size: 30px;}
       h3 {font-size: 24px;}
       h4 {font-size: 18px;}
       h5 {font-size: 16px;}
       h6 {font-size: 12px;}
       code {color: inherit; background-color: rgba(0, 0, 0, 0.04);}
       pre:not([class]) { background-color: white }</style>
<script src="site_libs/jqueryui-1.11.4/jquery-ui.min.js"></script>
<link href="site_libs/tocify-1.9.1/jquery.tocify.css" rel="stylesheet" />
<script src="site_libs/tocify-1.9.1/jquery.tocify.js"></script>
<script src="site_libs/navigation-1.1/tabsets.js"></script>
<link href="site_libs/highlightjs-9.12.0/default.css" rel="stylesheet" />
<script src="site_libs/highlightjs-9.12.0/highlight.js"></script>
<script src="site_libs/htmlwidgets-1.5.4/htmlwidgets.js"></script>
<script src="site_libs/plotly-binding-4.10.0/plotly.js"></script>
<script src="site_libs/typedarray-0.1/typedarray.min.js"></script>
<link href="site_libs/crosstalk-1.2.0/css/crosstalk.min.css" rel="stylesheet" />
<script src="site_libs/crosstalk-1.2.0/js/crosstalk.min.js"></script>
<link href="site_libs/plotly-htmlwidgets-css-2.5.1/plotly-htmlwidgets.css" rel="stylesheet" />
<script src="site_libs/plotly-main-2.5.1/plotly-latest.min.js"></script>

<style type="text/css">
  code{white-space: pre-wrap;}
  span.smallcaps{font-variant: small-caps;}
  span.underline{text-decoration: underline;}
  div.column{display: inline-block; vertical-align: top; width: 50%;}
  div.hanging-indent{margin-left: 1.5em; text-indent: -1.5em;}
  ul.task-list{list-style: none;}
    </style>

<style type="text/css">code{white-space: pre;}</style>
<script type="text/javascript">
if (window.hljs) {
  hljs.configure({languages: []});
  hljs.initHighlightingOnLoad();
  if (document.readyState && document.readyState === "complete") {
    window.setTimeout(function() { hljs.initHighlighting(); }, 0);
  }
}
</script>









<style type = "text/css">
.main-container {
  max-width: 940px;
  margin-left: auto;
  margin-right: auto;
}
img {
  max-width:100%;
}
.tabbed-pane {
  padding-top: 12px;
}
.html-widget {
  margin-bottom: 20px;
}
button.code-folding-btn:focus {
  outline: none;
}
summary {
  display: list-item;
}
details > summary > p:only-child {
  display: inline;
}
pre code {
  padding: 0;
}
</style>


<style type="text/css">
.dropdown-submenu {
  position: relative;
}
.dropdown-submenu>.dropdown-menu {
  top: 0;
  left: 100%;
  margin-top: -6px;
  margin-left: -1px;
  border-radius: 0 6px 6px 6px;
}
.dropdown-submenu:hover>.dropdown-menu {
  display: block;
}
.dropdown-submenu>a:after {
  display: block;
  content: " ";
  float: right;
  width: 0;
  height: 0;
  border-color: transparent;
  border-style: solid;
  border-width: 5px 0 5px 5px;
  border-left-color: #cccccc;
  margin-top: 5px;
  margin-right: -10px;
}
.dropdown-submenu:hover>a:after {
  border-left-color: #adb5bd;
}
.dropdown-submenu.pull-left {
  float: none;
}
.dropdown-submenu.pull-left>.dropdown-menu {
  left: -100%;
  margin-left: 10px;
  border-radius: 6px 0 6px 6px;
}
</style>

<script type="text/javascript">
// manage active state of menu based on current page
$(document).ready(function () {
  // active menu anchor
  href = window.location.pathname
  href = href.substr(href.lastIndexOf('/') + 1)
  if (href === "")
    href = "index.html";
  var menuAnchor = $('a[href="' + href + '"]');

  // mark the anchor link active (and if it's in a dropdown, also mark that active)
  var dropdown = menuAnchor.closest('li.dropdown');
  if (window.bootstrap) { // Bootstrap 4+
    menuAnchor.addClass('active');
    dropdown.find('> .dropdown-toggle').addClass('active');
  } else { // Bootstrap 3
    menuAnchor.parent().addClass('active');
    dropdown.addClass('active');
  }

  // Navbar adjustments
  var navHeight = $(".navbar").first().height() + 15;
  var style = document.createElement('style');
  var pt = "padding-top: " + navHeight + "px; ";
  var mt = "margin-top: -" + navHeight + "px; ";
  var css = "";
  // offset scroll position for anchor links (for fixed navbar)
  for (var i = 1; i <= 6; i++) {
    css += ".section h" + i + "{ " + pt + mt + "}\n";
  }
  style.innerHTML = "body {" + pt + "padding-bottom: 40px; }\n" + css;
  document.head.appendChild(style);
});
</script>

<!-- tabsets -->

<style type="text/css">
.tabset-dropdown > .nav-tabs {
  display: inline-table;
  max-height: 500px;
  min-height: 44px;
  overflow-y: auto;
  border: 1px solid #ddd;
  border-radius: 4px;
}

.tabset-dropdown > .nav-tabs > li.active:before, .tabset-dropdown > .nav-tabs.nav-tabs-open:before {
  content: "\e259";
  font-family: 'Glyphicons Halflings';
  display: inline-block;
  padding: 10px;
  border-right: 1px solid #ddd;
}

.tabset-dropdown > .nav-tabs.nav-tabs-open > li.active:before {
  content: "\e258";
  font-family: 'Glyphicons Halflings';
  border: none;
}

.tabset-dropdown > .nav-tabs > li.active {
  display: block;
}

.tabset-dropdown > .nav-tabs > li > a,
.tabset-dropdown > .nav-tabs > li > a:focus,
.tabset-dropdown > .nav-tabs > li > a:hover {
  border: none;
  display: inline-block;
  border-radius: 4px;
  background-color: transparent;
}

.tabset-dropdown > .nav-tabs.nav-tabs-open > li {
  display: block;
  float: none;
}

.tabset-dropdown > .nav-tabs > li {
  display: none;
}
</style>

<!-- code folding -->



<style type="text/css">

#TOC {
  margin: 25px 0px 20px 0px;
}
@media (max-width: 768px) {
#TOC {
  position: relative;
  width: 100%;
}
}

@media print {
.toc-content {
  /* see https://github.com/w3c/csswg-drafts/issues/4434 */
  float: right;
}
}

.toc-content {
  padding-left: 30px;
  padding-right: 40px;
}

div.main-container {
  max-width: 1200px;
}

div.tocify {
  width: 20%;
  max-width: 260px;
  max-height: 85%;
}

@media (min-width: 768px) and (max-width: 991px) {
  div.tocify {
    width: 25%;
  }
}

@media (max-width: 767px) {
  div.tocify {
    width: 100%;
    max-width: none;
  }
}

.tocify ul, .tocify li {
  line-height: 20px;
}

.tocify-subheader .tocify-item {
  font-size: 0.90em;
}

.tocify .list-group-item {
  border-radius: 0px;
}


</style>



</head>

<body>


<div class="container-fluid main-container">


<!-- setup 3col/9col grid for toc_float and main content  -->
<div class="row">
<div class="col-xs-12 col-sm-4 col-md-3">
<div id="TOC" class="tocify">
</div>
</div>

<div class="toc-content col-xs-12 col-sm-8 col-md-9">




<div class="navbar navbar-default  navbar-fixed-top" role="navigation">
  <div class="container">
    <div class="navbar-header">
      <button type="button" class="navbar-toggle collapsed" data-toggle="collapse" data-bs-toggle="collapse" data-target="#navbar" data-bs-target="#navbar">
        <span class="icon-bar"></span>
        <span class="icon-bar"></span>
        <span class="icon-bar"></span>
      </button>
      <a class="navbar-brand" href="index.html">10T K36me2</a>
    </div>
    <div id="navbar" class="navbar-collapse collapse">
      <ul class="nav navbar-nav">
        <li>
  <a href="index.html">10T K36me2 Summary</a>
</li>
<li>
  <a href="QKO_analysis.html">QKO analysis</a>
</li>
<li>
  <a href="ATACseq_analysis.html">ATAC-seq analysis</a>
</li>
      </ul>
      <ul class="nav navbar-nav navbar-right">
        
      </ul>
    </div><!--/.nav-collapse -->
  </div><!--/.container -->
</div><!--/.navbar -->

<div id="header">




</div>


<div id="mass-spec" class="section level1">
<h1>Mass-spec</h1>
<div id="k36-k27" class="section level2">
<h2>K36 &amp; K27</h2>
<p><img src="images/10T.ms.graph.png" width="100%" /></p>
</div>
<div id="k27-ratio" class="section level2">
<h2>K27 ratio</h2>
<p><img src="images/10T.ms.graph.K27ratio.png" width="100%" /></p>
</div>
<div id="k4-k9" class="section level2">
<h2>K4 &amp; K9</h2>
<p><img src="images/10T.ms.graph.K4me.K9me.png" width="100%" /></p>
</div>
</div>
<div id="k36me2-10kb-bins" class="section level1">
<h1>K36me2 10kb bins</h1>
<div id="pca" class="section level2">
<h2>PCA</h2>
<p>We can use the log2 enrichment over input matrix as input to PCA (after scaling/centering) <img src="index_files/figure-html/unnamed-chunk-6-1.png" width="100%" /></p>
</div>
<div id="correlation" class="section level2 tabset">
<h2 class="tabset">Correlation</h2>
<p>We can also take the same log2 enrichment matrix and check the correlation among samples</p>
<div id="pearson" class="section level3">
<h3>Pearson</h3>
<div id="htmlwidget-7002efb42f0aacea6cd5" style="width:672px;height:900px;" class="plotly html-widget"></div>
<script type="application/json" data-for="htmlwidget-7002efb42f0aacea6cd5">{"x":{"data":[{"x":[5.08203125,2.25,null,2.25,2.25,null,2.25,1.5,null,1.5,1.5,null,1.5,1,null,1,1,null,1.5,2,null,2,2,null,2.25,3,null,3,3,null,5.08203125,7.9140625,null,7.9140625,7.9140625,null,7.9140625,5.5,null,5.5,5.5,null,5.5,4.5,null,4.5,4.5,null,4.5,4,null,4,4,null,4.5,5,null,5,5,null,5.5,6.5,null,6.5,6.5,null,6.5,6,null,6,6,null,6.5,7,null,7,7,null,7.9140625,10.328125,null,10.328125,10.328125,null,10.328125,8.5,null,8.5,8.5,null,8.5,8,null,8,8,null,8.5,9,null,9,9,null,10.328125,12.15625,null,12.15625,12.15625,null,12.15625,10,null,10,10,null,12.15625,14.3125,null,14.3125,14.3125,null,14.3125,13.125,null,13.125,13.125,null,13.125,12.25,null,12.25,12.25,null,12.25,11.5,null,11.5,11.5,null,11.5,11,null,11,11,null,11.5,12,null,12,12,null,12.25,13,null,13,13,null,13.125,14,null,14,14,null,14.3125,15.5,null,15.5,15.5,null,15.5,15,null,15,15,null,15.5,16,null,16,16],"y":[2.73374560213128,2.73374560213128,null,2.73374560213128,0.908362839805476,null,0.908362839805476,0.908362839805476,null,0.908362839805476,0.838951617960168,null,0.838951617960168,0.838951617960168,null,0.838951617960168,0,null,0.838951617960168,0.838951617960168,null,0.838951617960168,0,null,0.908362839805476,0.908362839805476,null,0.908362839805476,0,null,2.73374560213128,2.73374560213128,null,2.73374560213128,1.86157699134337,null,1.86157699134337,1.86157699134337,null,1.86157699134337,0.879859787459357,null,0.879859787459357,0.879859787459357,null,0.879859787459357,1.27290642473459e-06,null,1.27290642473459e-06,1.27290642473459e-06,null,1.27290642473459e-06,0,null,1.27290642473459e-06,1.27290642473459e-06,null,1.27290642473459e-06,0,null,0.879859787459357,0.879859787459357,null,0.879859787459357,8.53462263391151e-07,null,8.53462263391151e-07,8.53462263391151e-07,null,8.53462263391151e-07,0,null,8.53462263391151e-07,8.53462263391151e-07,null,8.53462263391151e-07,0,null,1.86157699134337,1.86157699134337,null,1.86157699134337,1.34990953900065,null,1.34990953900065,1.34990953900065,null,1.34990953900065,0.266590768428983,null,0.266590768428983,0.266590768428983,null,0.266590768428983,0,null,0.266590768428983,0.266590768428983,null,0.266590768428983,0,null,1.34990953900065,1.34990953900065,null,1.34990953900065,0.660071905008778,null,0.660071905008778,0.660071905008778,null,0.660071905008778,0,null,0.660071905008778,0.660071905008778,null,0.660071905008778,0.531467963108788,null,0.531467963108788,0.531467963108788,null,0.531467963108788,0.282641593066081,null,0.282641593066081,0.282641593066081,null,0.282641593066081,0.216776126822031,null,0.216776126822031,0.216776126822031,null,0.216776126822031,0.0977753051056546,null,0.0977753051056546,0.0977753051056546,null,0.0977753051056546,0,null,0.0977753051056546,0.0977753051056546,null,0.0977753051056546,0,null,0.216776126822031,0.216776126822031,null,0.216776126822031,0,null,0.282641593066081,0.282641593066081,null,0.282641593066081,0,null,0.531467963108788,0.531467963108788,null,0.531467963108788,0.108083847771093,null,0.108083847771093,0.108083847771093,null,0.108083847771093,0,null,0.108083847771093,0.108083847771093,null,0.108083847771093,0],"text":["y: 2.733746e+00","y: 2.733746e+00",null,"y: 2.733746e+00","y: 2.733746e+00",null,"y: 9.083628e-01","y: 9.083628e-01",null,"y: 9.083628e-01","y: 9.083628e-01",null,"y: 8.389516e-01","y: 8.389516e-01",null,"y: 8.389516e-01","y: 8.389516e-01",null,"y: 8.389516e-01","y: 8.389516e-01",null,"y: 8.389516e-01","y: 8.389516e-01",null,"y: 9.083628e-01","y: 9.083628e-01",null,"y: 9.083628e-01","y: 9.083628e-01",null,"y: 2.733746e+00","y: 2.733746e+00",null,"y: 2.733746e+00","y: 2.733746e+00",null,"y: 1.861577e+00","y: 1.861577e+00",null,"y: 1.861577e+00","y: 1.861577e+00",null,"y: 8.798598e-01","y: 8.798598e-01",null,"y: 8.798598e-01","y: 8.798598e-01",null,"y: 1.272906e-06","y: 1.272906e-06",null,"y: 1.272906e-06","y: 1.272906e-06",null,"y: 1.272906e-06","y: 1.272906e-06",null,"y: 1.272906e-06","y: 1.272906e-06",null,"y: 8.798598e-01","y: 8.798598e-01",null,"y: 8.798598e-01","y: 8.798598e-01",null,"y: 8.534623e-07","y: 8.534623e-07",null,"y: 8.534623e-07","y: 8.534623e-07",null,"y: 8.534623e-07","y: 8.534623e-07",null,"y: 8.534623e-07","y: 8.534623e-07",null,"y: 1.861577e+00","y: 1.861577e+00",null,"y: 1.861577e+00","y: 1.861577e+00",null,"y: 1.349910e+00","y: 1.349910e+00",null,"y: 1.349910e+00","y: 1.349910e+00",null,"y: 2.665908e-01","y: 2.665908e-01",null,"y: 2.665908e-01","y: 2.665908e-01",null,"y: 2.665908e-01","y: 2.665908e-01",null,"y: 2.665908e-01","y: 2.665908e-01",null,"y: 1.349910e+00","y: 1.349910e+00",null,"y: 1.349910e+00","y: 1.349910e+00",null,"y: 6.600719e-01","y: 6.600719e-01",null,"y: 6.600719e-01","y: 6.600719e-01",null,"y: 6.600719e-01","y: 6.600719e-01",null,"y: 6.600719e-01","y: 6.600719e-01",null,"y: 5.314680e-01","y: 5.314680e-01",null,"y: 5.314680e-01","y: 5.314680e-01",null,"y: 2.826416e-01","y: 2.826416e-01",null,"y: 2.826416e-01","y: 2.826416e-01",null,"y: 2.167761e-01","y: 2.167761e-01",null,"y: 2.167761e-01","y: 2.167761e-01",null,"y: 9.777531e-02","y: 9.777531e-02",null,"y: 9.777531e-02","y: 9.777531e-02",null,"y: 9.777531e-02","y: 9.777531e-02",null,"y: 9.777531e-02","y: 9.777531e-02",null,"y: 2.167761e-01","y: 2.167761e-01",null,"y: 2.167761e-01","y: 2.167761e-01",null,"y: 2.826416e-01","y: 2.826416e-01",null,"y: 2.826416e-01","y: 2.826416e-01",null,"y: 5.314680e-01","y: 5.314680e-01",null,"y: 5.314680e-01","y: 5.314680e-01",null,"y: 1.080838e-01","y: 1.080838e-01",null,"y: 1.080838e-01","y: 1.080838e-01",null,"y: 1.080838e-01","y: 1.080838e-01",null,"y: 1.080838e-01","y: 1.080838e-01"],"type":"scatter","mode":"lines","line":{"width":2.26771653543307,"color":"rgba(0,0,0,1)","dash":"solid"},"hoveron":"points","name":"(black,solid)","legendgroup":"(black,solid)","showlegend":true,"xaxis":"x","yaxis":"y","hoverinfo":"text","frame":null},{"x":[5.08203125,2.25,1.5,1,2,3,7.9140625,5.5,4.5,4,5,6.5,6,7,10.328125,8.5,8,9,12.15625,10,14.3125,13.125,12.25,11.5,11,12,13,14,15.5,15,16],"y":[2.73374560213128,0.908362839805476,0.838951617960168,0,0,0,1.86157699134337,0.879859787459357,1.27290642473459e-06,0,0,8.53462263391151e-07,0,0,1.34990953900065,0.266590768428983,0,0,0.660071905008778,0,0.531467963108788,0.282641593066081,0.216776126822031,0.0977753051056546,0,0,0,0,0.108083847771093,0,0],"text":["y: 2.733746e+00","y: 9.083628e-01","y: 8.389516e-01","y: 0.000000e+00","y: 0.000000e+00","y: 0.000000e+00","y: 1.861577e+00","y: 8.798598e-01","y: 1.272906e-06","y: 0.000000e+00","y: 0.000000e+00","y: 8.534623e-07","y: 0.000000e+00","y: 0.000000e+00","y: 1.349910e+00","y: 2.665908e-01","y: 0.000000e+00","y: 0.000000e+00","y: 6.600719e-01","y: 0.000000e+00","y: 5.314680e-01","y: 2.826416e-01","y: 2.167761e-01","y: 9.777531e-02","y: 0.000000e+00","y: 0.000000e+00","y: 0.000000e+00","y: 0.000000e+00","y: 1.080838e-01","y: 0.000000e+00","y: 0.000000e+00"],"type":"scatter","mode":"markers","marker":{"autocolorscale":false,"color":"transparent","opacity":1,"size":null,"symbol":null,"line":{"width":1.88976377952756,"color":"transparent"}},"hoveron":"points","name":"(NA,1)","legendgroup":"(NA,1)","showlegend":true,"xaxis":"x","yaxis":"y","hoverinfo":"text","frame":null},{"type":"scatter","mode":"markers","marker":{"color":"rgba(44,160,44,1)","line":{"color":"rgba(44,160,44,1)"}},"error_y":{"color":"rgba(44,160,44,1)"},"error_x":{"color":"rgba(44,160,44,1)"},"line":{"color":"rgba(44,160,44,1)"},"xaxis":"x2","yaxis":"y","frame":null},{"type":"scatter","mode":"markers","marker":{"color":"rgba(214,39,40,1)","line":{"color":"rgba(214,39,40,1)"}},"error_y":{"color":"rgba(214,39,40,1)"},"error_x":{"color":"rgba(214,39,40,1)"},"line":{"color":"rgba(214,39,40,1)"},"xaxis":"x3","yaxis":"y","frame":null},{"x":[3.5,3.5,4.5,4.5,3.5],"y":[0.5,1.5,1.5,0.5,0.5],"text":"value: 10T<br />column: K36M_1<br />variable: line","type":"scatter","mode":"lines","line":{"width":0.377952755905512,"color":"transparent","dash":"solid"},"fill":"toself","fillcolor":"rgba(166,206,227,1)","hoveron":"fills","name":"10T","legendgroup":"10T","showlegend":true,"xaxis":"x","yaxis":"y2","hoverinfo":"text","frame":null},{"x":[4.5,4.5,5.5,5.5,4.5],"y":[0.5,1.5,1.5,0.5,0.5],"text":"value: 10T<br />column: K36M_3<br />variable: line","type":"scatter","mode":"lines","line":{"width":0.377952755905512,"color":"transparent","dash":"solid"},"fill":"toself","fillcolor":"rgba(166,206,227,1)","hoveron":"fills","name":"10T","legendgroup":"10T","showlegend":false,"xaxis":"x","yaxis":"y2","hoverinfo":"text","frame":null},{"x":[5.5,5.5,6.5,6.5,5.5],"y":[0.5,1.5,1.5,0.5,0.5],"text":"value: 10T<br />column: NSD12DKO_1<br />variable: line","type":"scatter","mode":"lines","line":{"width":0.377952755905512,"color":"transparent","dash":"solid"},"fill":"toself","fillcolor":"rgba(166,206,227,1)","hoveron":"fills","name":"10T","legendgroup":"10T","showlegend":false,"xaxis":"x","yaxis":"y2","hoverinfo":"text","frame":null},{"x":[6.5,6.5,7.5,7.5,6.5],"y":[0.5,1.5,1.5,0.5,0.5],"text":"value: 10T<br />column: NSD12DKO_2<br />variable: line","type":"scatter","mode":"lines","line":{"width":0.377952755905512,"color":"transparent","dash":"solid"},"fill":"toself","fillcolor":"rgba(166,206,227,1)","hoveron":"fills","name":"10T","legendgroup":"10T","showlegend":false,"xaxis":"x","yaxis":"y2","hoverinfo":"text","frame":null},{"x":[12.5,12.5,13.5,13.5,12.5],"y":[0.5,1.5,1.5,0.5,0.5],"text":"value: 10T<br />column: NSD3_unedit<br />variable: line","type":"scatter","mode":"lines","line":{"width":0.377952755905512,"color":"transparent","dash":"solid"},"fill":"toself","fillcolor":"rgba(166,206,227,1)","hoveron":"fills","name":"10T","legendgroup":"10T","showlegend":false,"xaxis":"x","yaxis":"y2","hoverinfo":"text","frame":null},{"x":[14.5,14.5,15.5,15.5,14.5],"y":[0.5,1.5,1.5,0.5,0.5],"text":"value: 10T<br />column: NSD3KO_c12<br />variable: line","type":"scatter","mode":"lines","line":{"width":0.377952755905512,"color":"transparent","dash":"solid"},"fill":"toself","fillcolor":"rgba(166,206,227,1)","hoveron":"fills","name":"10T","legendgroup":"10T","showlegend":false,"xaxis":"x","yaxis":"y2","hoverinfo":"text","frame":null},{"x":[15.5,15.5,16.5,16.5,15.5],"y":[0.5,1.5,1.5,0.5,0.5],"text":"value: 10T<br />column: NSD3KO_c3<br />variable: line","type":"scatter","mode":"lines","line":{"width":0.377952755905512,"color":"transparent","dash":"solid"},"fill":"toself","fillcolor":"rgba(166,206,227,1)","hoveron":"fills","name":"10T","legendgroup":"10T","showlegend":false,"xaxis":"x","yaxis":"y2","hoverinfo":"text","frame":null},{"x":[13.5,13.5,14.5,14.5,13.5],"y":[0.5,1.5,1.5,0.5,0.5],"text":"value: 10T<br />column: NSD3KO_c4<br />variable: line","type":"scatter","mode":"lines","line":{"width":0.377952755905512,"color":"transparent","dash":"solid"},"fill":"toself","fillcolor":"rgba(166,206,227,1)","hoveron":"fills","name":"10T","legendgroup":"10T","showlegend":false,"xaxis":"x","yaxis":"y2","hoverinfo":"text","frame":null},{"x":[11.5,11.5,12.5,12.5,11.5],"y":[0.5,1.5,1.5,0.5,0.5],"text":"value: 10T<br />column: PA_1<br />variable: line","type":"scatter","mode":"lines","line":{"width":0.377952755905512,"color":"transparent","dash":"solid"},"fill":"toself","fillcolor":"rgba(166,206,227,1)","hoveron":"fills","name":"10T","legendgroup":"10T","showlegend":false,"xaxis":"x","yaxis":"y2","hoverinfo":"text","frame":null},{"x":[10.5,10.5,11.5,11.5,10.5],"y":[0.5,1.5,1.5,0.5,0.5],"text":"value: 10T<br />column: PA_3<br />variable: line","type":"scatter","mode":"lines","line":{"width":0.377952755905512,"color":"transparent","dash":"solid"},"fill":"toself","fillcolor":"rgba(166,206,227,1)","hoveron":"fills","name":"10T","legendgroup":"10T","showlegend":false,"xaxis":"x","yaxis":"y2","hoverinfo":"text","frame":null},{"x":[2.5,2.5,3.5,3.5,2.5],"y":[0.5,1.5,1.5,0.5,0.5],"text":"value: 10T<br />column: QKO_c1<br />variable: line","type":"scatter","mode":"lines","line":{"width":0.377952755905512,"color":"transparent","dash":"solid"},"fill":"toself","fillcolor":"rgba(166,206,227,1)","hoveron":"fills","name":"10T","legendgroup":"10T","showlegend":false,"xaxis":"x","yaxis":"y2","hoverinfo":"text","frame":null},{"x":[1.5,1.5,2.5,2.5,1.5],"y":[0.5,1.5,1.5,0.5,0.5],"text":"value: 10T<br />column: QKO_c4<br />variable: line","type":"scatter","mode":"lines","line":{"width":0.377952755905512,"color":"transparent","dash":"solid"},"fill":"toself","fillcolor":"rgba(166,206,227,1)","hoveron":"fills","name":"10T","legendgroup":"10T","showlegend":false,"xaxis":"x","yaxis":"y2","hoverinfo":"text","frame":null},{"x":[0.5,0.5,1.5,1.5,0.5],"y":[0.5,1.5,1.5,0.5,0.5],"text":"value: 10T<br />column: QKO_c7<br />variable: line","type":"scatter","mode":"lines","line":{"width":0.377952755905512,"color":"transparent","dash":"solid"},"fill":"toself","fillcolor":"rgba(166,206,227,1)","hoveron":"fills","name":"10T","legendgroup":"10T","showlegend":false,"xaxis":"x","yaxis":"y2","hoverinfo":"text","frame":null},{"x":[9.5,9.5,10.5,10.5,9.5],"y":[0.5,1.5,1.5,0.5,0.5],"text":"value: 10T<br />column: SETD2KO<br />variable: line","type":"scatter","mode":"lines","line":{"width":0.377952755905512,"color":"transparent","dash":"solid"},"fill":"toself","fillcolor":"rgba(166,206,227,1)","hoveron":"fills","name":"10T","legendgroup":"10T","showlegend":false,"xaxis":"x","yaxis":"y2","hoverinfo":"text","frame":null},{"x":[8.5,8.5,9.5,9.5,8.5],"y":[0.5,1.5,1.5,0.5,0.5],"text":"value: 10T<br />column: TKO_unedit<br />variable: line","type":"scatter","mode":"lines","line":{"width":0.377952755905512,"color":"transparent","dash":"solid"},"fill":"toself","fillcolor":"rgba(166,206,227,1)","hoveron":"fills","name":"10T","legendgroup":"10T","showlegend":false,"xaxis":"x","yaxis":"y2","hoverinfo":"text","frame":null},{"x":[7.5,7.5,8.5,8.5,7.5],"y":[0.5,1.5,1.5,0.5,0.5],"text":"value: 10T<br />column: TKO<br />variable: line","type":"scatter","mode":"lines","line":{"width":0.377952755905512,"color":"transparent","dash":"solid"},"fill":"toself","fillcolor":"rgba(166,206,227,1)","hoveron":"fills","name":"10T","legendgroup":"10T","showlegend":false,"xaxis":"x","yaxis":"y2","hoverinfo":"text","frame":null},{"x":[3.5,3.5,4.5,4.5,3.5],"y":[1.5,2.5,2.5,1.5,1.5],"text":"value: K36M<br />column: K36M_1<br />variable: cond","type":"scatter","mode":"lines","line":{"width":0.377952755905512,"color":"transparent","dash":"solid"},"fill":"toself","fillcolor":"rgba(31,120,180,1)","hoveron":"fills","name":"K36M","legendgroup":"K36M","showlegend":true,"xaxis":"x","yaxis":"y2","hoverinfo":"text","frame":null},{"x":[4.5,4.5,5.5,5.5,4.5],"y":[1.5,2.5,2.5,1.5,1.5],"text":"value: K36M<br />column: K36M_3<br />variable: cond","type":"scatter","mode":"lines","line":{"width":0.377952755905512,"color":"transparent","dash":"solid"},"fill":"toself","fillcolor":"rgba(31,120,180,1)","hoveron":"fills","name":"K36M","legendgroup":"K36M","showlegend":false,"xaxis":"x","yaxis":"y2","hoverinfo":"text","frame":null},{"x":[5.5,5.5,6.5,6.5,5.5],"y":[1.5,2.5,2.5,1.5,1.5],"text":"value: NSD12DKO<br />column: NSD12DKO_1<br />variable: cond","type":"scatter","mode":"lines","line":{"width":0.377952755905512,"color":"transparent","dash":"solid"},"fill":"toself","fillcolor":"rgba(178,223,138,1)","hoveron":"fills","name":"NSD12DKO","legendgroup":"NSD12DKO","showlegend":true,"xaxis":"x","yaxis":"y2","hoverinfo":"text","frame":null},{"x":[6.5,6.5,7.5,7.5,6.5],"y":[1.5,2.5,2.5,1.5,1.5],"text":"value: NSD12DKO<br />column: NSD12DKO_2<br />variable: cond","type":"scatter","mode":"lines","line":{"width":0.377952755905512,"color":"transparent","dash":"solid"},"fill":"toself","fillcolor":"rgba(178,223,138,1)","hoveron":"fills","name":"NSD12DKO","legendgroup":"NSD12DKO","showlegend":false,"xaxis":"x","yaxis":"y2","hoverinfo":"text","frame":null},{"x":[12.5,12.5,13.5,13.5,12.5],"y":[1.5,2.5,2.5,1.5,1.5],"text":"value: NSD3<br />column: NSD3_unedit<br />variable: cond","type":"scatter","mode":"lines","line":{"width":0.377952755905512,"color":"transparent","dash":"solid"},"fill":"toself","fillcolor":"rgba(51,160,44,1)","hoveron":"fills","name":"NSD3","legendgroup":"NSD3","showlegend":true,"xaxis":"x","yaxis":"y2","hoverinfo":"text","frame":null},{"x":[14.5,14.5,15.5,15.5,14.5],"y":[1.5,2.5,2.5,1.5,1.5],"text":"value: NSD3KO<br />column: NSD3KO_c12<br />variable: cond","type":"scatter","mode":"lines","line":{"width":0.377952755905512,"color":"transparent","dash":"solid"},"fill":"toself","fillcolor":"rgba(251,154,153,1)","hoveron":"fills","name":"NSD3KO","legendgroup":"NSD3KO","showlegend":true,"xaxis":"x","yaxis":"y2","hoverinfo":"text","frame":null},{"x":[15.5,15.5,16.5,16.5,15.5],"y":[1.5,2.5,2.5,1.5,1.5],"text":"value: NSD3KO<br />column: NSD3KO_c3<br />variable: cond","type":"scatter","mode":"lines","line":{"width":0.377952755905512,"color":"transparent","dash":"solid"},"fill":"toself","fillcolor":"rgba(251,154,153,1)","hoveron":"fills","name":"NSD3KO","legendgroup":"NSD3KO","showlegend":false,"xaxis":"x","yaxis":"y2","hoverinfo":"text","frame":null},{"x":[13.5,13.5,14.5,14.5,13.5],"y":[1.5,2.5,2.5,1.5,1.5],"text":"value: NSD3KO<br />column: NSD3KO_c4<br />variable: cond","type":"scatter","mode":"lines","line":{"width":0.377952755905512,"color":"transparent","dash":"solid"},"fill":"toself","fillcolor":"rgba(251,154,153,1)","hoveron":"fills","name":"NSD3KO","legendgroup":"NSD3KO","showlegend":false,"xaxis":"x","yaxis":"y2","hoverinfo":"text","frame":null},{"x":[11.5,11.5,12.5,12.5,11.5],"y":[1.5,2.5,2.5,1.5,1.5],"text":"value: PA<br />column: PA_1<br />variable: cond","type":"scatter","mode":"lines","line":{"width":0.377952755905512,"color":"transparent","dash":"solid"},"fill":"toself","fillcolor":"rgba(227,26,28,1)","hoveron":"fills","name":"PA","legendgroup":"PA","showlegend":true,"xaxis":"x","yaxis":"y2","hoverinfo":"text","frame":null},{"x":[10.5,10.5,11.5,11.5,10.5],"y":[1.5,2.5,2.5,1.5,1.5],"text":"value: PA<br />column: PA_3<br />variable: cond","type":"scatter","mode":"lines","line":{"width":0.377952755905512,"color":"transparent","dash":"solid"},"fill":"toself","fillcolor":"rgba(227,26,28,1)","hoveron":"fills","name":"PA","legendgroup":"PA","showlegend":false,"xaxis":"x","yaxis":"y2","hoverinfo":"text","frame":null},{"x":[2.5,2.5,3.5,3.5,2.5],"y":[1.5,2.5,2.5,1.5,1.5],"text":"value: QKO<br />column: QKO_c1<br />variable: cond","type":"scatter","mode":"lines","line":{"width":0.377952755905512,"color":"transparent","dash":"solid"},"fill":"toself","fillcolor":"rgba(253,191,111,1)","hoveron":"fills","name":"QKO","legendgroup":"QKO","showlegend":true,"xaxis":"x","yaxis":"y2","hoverinfo":"text","frame":null},{"x":[1.5,1.5,2.5,2.5,1.5],"y":[1.5,2.5,2.5,1.5,1.5],"text":"value: QKO<br />column: QKO_c4<br />variable: cond","type":"scatter","mode":"lines","line":{"width":0.377952755905512,"color":"transparent","dash":"solid"},"fill":"toself","fillcolor":"rgba(253,191,111,1)","hoveron":"fills","name":"QKO","legendgroup":"QKO","showlegend":false,"xaxis":"x","yaxis":"y2","hoverinfo":"text","frame":null},{"x":[0.5,0.5,1.5,1.5,0.5],"y":[1.5,2.5,2.5,1.5,1.5],"text":"value: QKO<br />column: QKO_c7<br />variable: cond","type":"scatter","mode":"lines","line":{"width":0.377952755905512,"color":"transparent","dash":"solid"},"fill":"toself","fillcolor":"rgba(253,191,111,1)","hoveron":"fills","name":"QKO","legendgroup":"QKO","showlegend":false,"xaxis":"x","yaxis":"y2","hoverinfo":"text","frame":null},{"x":[9.5,9.5,10.5,10.5,9.5],"y":[1.5,2.5,2.5,1.5,1.5],"text":"value: SETD2KO<br />column: SETD2KO<br />variable: cond","type":"scatter","mode":"lines","line":{"width":0.377952755905512,"color":"transparent","dash":"solid"},"fill":"toself","fillcolor":"rgba(255,127,0,1)","hoveron":"fills","name":"SETD2KO","legendgroup":"SETD2KO","showlegend":true,"xaxis":"x","yaxis":"y2","hoverinfo":"text","frame":null},{"x":[8.5,8.5,9.5,9.5,8.5],"y":[1.5,2.5,2.5,1.5,1.5],"text":"value: TKO<br />column: TKO_unedit<br />variable: cond","type":"scatter","mode":"lines","line":{"width":0.377952755905512,"color":"transparent","dash":"solid"},"fill":"toself","fillcolor":"rgba(202,178,214,1)","hoveron":"fills","name":"TKO","legendgroup":"TKO","showlegend":true,"xaxis":"x","yaxis":"y2","hoverinfo":"text","frame":null},{"x":[7.5,7.5,8.5,8.5,7.5],"y":[1.5,2.5,2.5,1.5,1.5],"text":"value: TKO<br />column: TKO<br />variable: cond","type":"scatter","mode":"lines","line":{"width":0.377952755905512,"color":"transparent","dash":"solid"},"fill":"toself","fillcolor":"rgba(202,178,214,1)","hoveron":"fills","name":"TKO","legendgroup":"TKO","showlegend":false,"xaxis":"x","yaxis":"y2","hoverinfo":"text","frame":null},{"type":"scatter","mode":"markers","marker":{"color":"rgba(227,119,194,1)","line":{"color":"rgba(227,119,194,1)"}},"error_y":{"color":"rgba(227,119,194,1)"},"error_x":{"color":"rgba(227,119,194,1)"},"line":{"color":"rgba(227,119,194,1)"},"xaxis":"x2","yaxis":"y2","frame":null},{"type":"scatter","mode":"markers","marker":{"color":"rgba(127,127,127,1)","line":{"color":"rgba(127,127,127,1)"}},"error_y":{"color":"rgba(127,127,127,1)"},"error_x":{"color":"rgba(127,127,127,1)"},"line":{"color":"rgba(127,127,127,1)"},"xaxis":"x3","yaxis":"y2","frame":null},{"x":[1,2,3,4,5,6,7,8,9,10,11,12,13,14,15,16],"y":[1,2,3,4,5,6,7,8,9,10,11,12,13,14,15,16],"z":[[1,0.411161469609798,0.414988667807432,0.0193084660034119,0.0193086158295342,0.022675354041232,0.0226753124532826,0.0691987812304993,0.0877649530450055,0,0.0180738738360449,0.00767592886461344,0.0199821246119694,0.0190110324391991,0.0138587469516245,0.00252703712771851],[0.411161469609798,1,0.389302474330306,0.0676047258751366,0.0676044298005041,0.0799187581982801,0.0799186521610779,0.106823631113629,0.118103582633672,0.0453925096472121,0.057506302164788,0.0528935392914663,0.0578655005219279,0.0514922301551001,0.0463915254981999,0.0385455516124018],[0.414988667807432,0.389302474330306,1,0.117779257528801,0.117779120709108,0.155280526840585,0.155280603440822,0.208441012582482,0.211998814790858,0.118075479268827,0.117362866753995,0.11280022805345,0.101311706725721,0.110958865475012,0.103743766679735,0.100502367131665],[0.0193084660034119,0.0676047258751366,0.117779257528801,1,0.999999987521188,0.737782240214385,0.737782165082309,0.30615851861589,0.313277813885291,0.452267623932192,0.312157985201387,0.335924153905056,0.308269652257375,0.306699271954395,0.240881954677313,0.217547763968043],[0.0193086158295342,0.0676044298005041,0.117779120709108,0.999999987521188,1,0.737782237080153,0.737782161948094,0.306158027392608,0.313277388329483,0.4522679506924,0.312158361577189,0.335924533345293,0.308270091902613,0.30669972303065,0.240882360296561,0.217548148753902],[0.022675354041232,0.0799187581982801,0.155280526840585,0.737782240214385,0.737782237080153,1,0.999999989805429,0.654230169340752,0.62943964655432,0.614282733447938,0.567224466347605,0.565944857518441,0.502847694457005,0.49311398111869,0.427438712753508,0.418995348184388],[0.0226753124532826,0.0799186521610779,0.155280603440822,0.737782165082309,0.737782161948094,0.999999989805429,1,0.654230425525678,0.629439824188819,0.61428297078375,0.567224930645189,0.565945266931882,0.502848053946783,0.493114151695275,0.42743883184774,0.418995408884962],[0.0691987812304993,0.106823631113629,0.208441012582482,0.30615851861589,0.306158027392608,0.654230169340752,0.654230425525678,1,0.857275262124989,0.54407203368025,0.51988424391249,0.495913650688143,0.43056992043407,0.4218844656303,0.382712976879307,0.385140044109158],[0.0877649530450055,0.118103582633672,0.211998814790858,0.313277813885291,0.313277388329483,0.62943964655432,0.629439824188819,0.857275262124989,1,0.569729942884957,0.594079401537702,0.560667372813537,0.524512514636859,0.490354043664646,0.440725359360199,0.437370414674891],[0,0.0453925096472121,0.118075479268827,0.452267623932192,0.4522679506924,0.614282733447938,0.61428297078375,0.54407203368025,0.569729942884957,1,0.751465800659726,0.763565718358248,0.69033345828968,0.744238764585589,0.719941118692566,0.723856540851563],[0.0180738738360449,0.057506302164788,0.117362866753995,0.312157985201387,0.312158361577189,0.567224466347605,0.567224930645189,0.51988424391249,0.594079401537702,0.751465800659726,1,0.9527343261577,0.899166636661245,0.878374587333183,0.75581340712123,0.766408687005661],[0.00767592886461344,0.0528935392914663,0.11280022805345,0.335924153905056,0.335924533345293,0.565944857518441,0.565945266931882,0.495913650688143,0.560667372813537,0.763565718358248,0.9527343261577,1,0.908038904419194,0.896165371922921,0.785658932740156,0.796077404581546],[0.0199821246119694,0.0578655005219279,0.101311706725721,0.308269652257375,0.308270091902613,0.502847694457005,0.502848053946783,0.43056992043407,0.524512514636859,0.69033345828968,0.899166636661245,0.908038904419194,1,0.859372667340416,0.766823484429834,0.765650844060281],[0.0190110324391991,0.0514922301551001,0.110958865475012,0.306699271954395,0.30669972303065,0.49311398111869,0.493114151695275,0.4218844656303,0.490354043664646,0.744238764585589,0.878374587333183,0.896165371922921,0.859372667340416,1,0.845418888316159,0.853462274590163],[0.0138587469516245,0.0463915254981999,0.103743766679735,0.240881954677313,0.240882360296561,0.427438712753508,0.42743883184774,0.382712976879307,0.440725359360199,0.719941118692566,0.75581340712123,0.785658932740156,0.766823484429834,0.845418888316159,1,0.928695064090174],[0.00252703712771851,0.0385455516124018,0.100502367131665,0.217547763968043,0.217548148753902,0.418995348184388,0.418995408884962,0.385140044109158,0.437370414674891,0.723856540851563,0.766408687005661,0.796077404581546,0.765650844060281,0.853462274590163,0.928695064090174,1]],"text":[["row: QKO_c7<br>column: QKO_c7<br>value: 1.00000","row: QKO_c7<br>column: QKO_c4<br>value: 0.41707","row: QKO_c7<br>column: QKO_c1<br>value: 0.42086","row: QKO_c7<br>column: K36M_1<br>value: 0.02915","row: QKO_c7<br>column: K36M_3<br>value: 0.02915","row: QKO_c7<br>column: NSD12DKO_1<br>value: 0.03248","row: QKO_c7<br>column: NSD12DKO_2<br>value: 0.03248","row: QKO_c7<br>column: TKO<br>value: 0.07854","row: QKO_c7<br>column: TKO_unedit<br>value: 0.09692","row: QKO_c7<br>column: SETD2KO<br>value: 0.01004","row: QKO_c7<br>column: PA_3<br>value: 0.02793","row: QKO_c7<br>column: PA_1<br>value: 0.01763","row: QKO_c7<br>column: NSD3_unedit<br>value: 0.02982","row: QKO_c7<br>column: NSD3KO_c4<br>value: 0.02886","row: QKO_c7<br>column: NSD3KO_c12<br>value: 0.02376","row: QKO_c7<br>column: NSD3KO_c3<br>value: 0.01254"],["row: QKO_c4<br>column: QKO_c7<br>value: 0.41707","row: QKO_c4<br>column: QKO_c4<br>value: 1.00000","row: QKO_c4<br>column: QKO_c1<br>value: 0.39543","row: QKO_c4<br>column: K36M_1<br>value: 0.07696","row: QKO_c4<br>column: K36M_3<br>value: 0.07696","row: QKO_c4<br>column: NSD12DKO_1<br>value: 0.08915","row: QKO_c4<br>column: NSD12DKO_2<br>value: 0.08915","row: QKO_c4<br>column: TKO<br>value: 0.11579","row: QKO_c4<br>column: TKO_unedit<br>value: 0.12695","row: QKO_c4<br>column: SETD2KO<br>value: 0.05497","row: QKO_c4<br>column: PA_3<br>value: 0.06696","row: QKO_c4<br>column: PA_1<br>value: 0.06240","row: QKO_c4<br>column: NSD3_unedit<br>value: 0.06732","row: QKO_c4<br>column: NSD3KO_c4<br>value: 0.06101","row: QKO_c4<br>column: NSD3KO_c12<br>value: 0.05596","row: QKO_c4<br>column: NSD3KO_c3<br>value: 0.04819"],["row: QKO_c1<br>column: QKO_c7<br>value: 0.42086","row: QKO_c1<br>column: QKO_c4<br>value: 0.39543","row: QKO_c1<br>column: QKO_c1<br>value: 1.00000","row: QKO_c1<br>column: K36M_1<br>value: 0.12663","row: QKO_c1<br>column: K36M_3<br>value: 0.12663","row: QKO_c1<br>column: NSD12DKO_1<br>value: 0.16376","row: QKO_c1<br>column: NSD12DKO_2<br>value: 0.16376","row: QKO_c1<br>column: TKO<br>value: 0.21638","row: QKO_c1<br>column: TKO_unedit<br>value: 0.21991","row: QKO_c1<br>column: SETD2KO<br>value: 0.12693","row: QKO_c1<br>column: PA_3<br>value: 0.12622","row: QKO_c1<br>column: PA_1<br>value: 0.12170","row: QKO_c1<br>column: NSD3_unedit<br>value: 0.11033","row: QKO_c1<br>column: NSD3KO_c4<br>value: 0.11988","row: QKO_c1<br>column: NSD3KO_c12<br>value: 0.11274","row: QKO_c1<br>column: NSD3KO_c3<br>value: 0.10953"],["row: K36M_1<br>column: QKO_c7<br>value: 0.02915","row: K36M_1<br>column: QKO_c4<br>value: 0.07696","row: K36M_1<br>column: QKO_c1<br>value: 0.12663","row: K36M_1<br>column: K36M_1<br>value: 1.00000","row: K36M_1<br>column: K36M_3<br>value: 1.00000","row: K36M_1<br>column: NSD12DKO_1<br>value: 0.74041","row: K36M_1<br>column: NSD12DKO_2<br>value: 0.74041","row: K36M_1<br>column: TKO<br>value: 0.31312","row: K36M_1<br>column: TKO_unedit<br>value: 0.32017","row: K36M_1<br>column: SETD2KO<br>value: 0.45776","row: K36M_1<br>column: PA_3<br>value: 0.31906","row: K36M_1<br>column: PA_1<br>value: 0.34259","row: K36M_1<br>column: NSD3_unedit<br>value: 0.31521","row: K36M_1<br>column: NSD3KO_c4<br>value: 0.31366","row: K36M_1<br>column: NSD3KO_c12<br>value: 0.24850","row: K36M_1<br>column: NSD3KO_c3<br>value: 0.22540"],["row: K36M_3<br>column: QKO_c7<br>value: 0.02915","row: K36M_3<br>column: QKO_c4<br>value: 0.07696","row: K36M_3<br>column: QKO_c1<br>value: 0.12663","row: K36M_3<br>column: K36M_1<br>value: 1.00000","row: K36M_3<br>column: K36M_3<br>value: 1.00000","row: K36M_3<br>column: NSD12DKO_1<br>value: 0.74041","row: K36M_3<br>column: NSD12DKO_2<br>value: 0.74041","row: K36M_3<br>column: TKO<br>value: 0.31312","row: K36M_3<br>column: TKO_unedit<br>value: 0.32017","row: K36M_3<br>column: SETD2KO<br>value: 0.45776","row: K36M_3<br>column: PA_3<br>value: 0.31906","row: K36M_3<br>column: PA_1<br>value: 0.34259","row: K36M_3<br>column: NSD3_unedit<br>value: 0.31521","row: K36M_3<br>column: NSD3KO_c4<br>value: 0.31366","row: K36M_3<br>column: NSD3KO_c12<br>value: 0.24850","row: K36M_3<br>column: NSD3KO_c3<br>value: 0.22540"],["row: NSD12DKO_1<br>column: QKO_c7<br>value: 0.03248","row: NSD12DKO_1<br>column: QKO_c4<br>value: 0.08915","row: NSD12DKO_1<br>column: QKO_c1<br>value: 0.16376","row: NSD12DKO_1<br>column: K36M_1<br>value: 0.74041","row: NSD12DKO_1<br>column: K36M_3<br>value: 0.74041","row: NSD12DKO_1<br>column: NSD12DKO_1<br>value: 1.00000","row: NSD12DKO_1<br>column: NSD12DKO_2<br>value: 1.00000","row: NSD12DKO_1<br>column: TKO<br>value: 0.65770","row: NSD12DKO_1<br>column: TKO_unedit<br>value: 0.63316","row: NSD12DKO_1<br>column: SETD2KO<br>value: 0.61815","row: NSD12DKO_1<br>column: PA_3<br>value: 0.57157","row: NSD12DKO_1<br>column: PA_1<br>value: 0.57030","row: NSD12DKO_1<br>column: NSD3_unedit<br>value: 0.50784","row: NSD12DKO_1<br>column: NSD3KO_c4<br>value: 0.49820","row: NSD12DKO_1<br>column: NSD3KO_c12<br>value: 0.43318","row: NSD12DKO_1<br>column: NSD3KO_c3<br>value: 0.42483"],["row: NSD12DKO_2<br>column: QKO_c7<br>value: 0.03248","row: NSD12DKO_2<br>column: QKO_c4<br>value: 0.08915","row: NSD12DKO_2<br>column: QKO_c1<br>value: 0.16376","row: NSD12DKO_2<br>column: K36M_1<b